"lambda_c" "mu" "K" "gamma" "lambda_a" "loglik" "df" "conv"
"1" 0.473268040243211 1.82306630030801 5.39466102147326 0.623082939610894 1.09659200737294 -61.2267488619249 5 0
"2" 0.870237865695011 2.25761279062691 0.533812362514111 0.692238249842348 0.341484082651594 -54.3495699306665 5 0
"3" 0.607429491381789 1.80729598341777 6.28583376401372 0.640321789610761 0.821287317114409 -62.7873345954454 5 0
"4" 0.185310304783341 0.881580415618215 0.263795723109564 0.428908662601987 1.33039578314405 -70.0862923264381 5 0
"5" 0.9522901893629 2.33435171554408 0.397103652667655 0.73823165256269 3.28642596690369e-06 -57.0947550579739 5 0
"6" 0.71462643389696 1.39718810435952 1.55482238237765 0.506450454309137 0.932552741615001 -69.6666371388809 5 0
"7" 0.675543071549712 1.40805467443249 4.06190477766336 0.729893292708421 0.954782715966585 -92.9103026223691 5 0
"8" 0.299452174611132 0.285417353720898 0.214798706180841 0.378651333058926 0.346276946317693 -94.967684325369 5 0
"9" 0.243363198205063 1.25114616338338 0.584640523505713 0.568568715475047 0.818465865112221 -66.7371776062085 5 0
"10" 0.261511441087293 0.969857525192224 0.249486193064918 0.530924673018558 0.937412535678215 -77.6924732523914 5 0
"11" 0.570911884506046 0.985311403062338 3.3841391758779 0.46325517313891 0.250977648102575 -74.6769870053906 5 0
"12" 0.765613967309435 1.57978819685425 0.52055010239109 0.601705353879755 0.00608378280428626 -68.4742892391261 5 0
"13" 0.386821155783875 1.24198804284199 0.923483857625043 0.582963607407889 0.56413767011429 -80.282037130581 5 0
"14" 0.12472931321477 0.945099073262495 0.853376243339025 0.411808685855944 0.988503581371263 -62.0194661410514 5 0
"15" 0.771084146897733 2.13929514610145 0.213160770899773 0.865147356260554 1.62409046267372e-07 -67.9442718144309 5 0
"16" 0.426643050842924 2.00680931827314 0.219291236700825 0.562762591184898 1.42874456459602 -49.8051001744661 5 0
"17" 0.234673821469298 0.926255743655728 0.566310141829694 0.379191059265187 0.265311917117694 -59.6780457454573 5 0
"18" 0.132821914758971 0.412540318897816 0.80726775443479 0.315286181668086 1.05334828913053 -74.4882389422852 5 0
"19" 1.40780113755057 2.71706010323581 0.240318681414527 0.857050300621525 0.339972080171106 -60.3054503304914 5 0
"20" 0.594469024889141 1.10535735089385 8.23497984299589 0.489912733306671 0.609685571217839 -76.5671431205975 5 0
"21" 0.834673552454928 1.86502058998381 1.11124474282741 0.826830229639532 0.272281019885535 -73.8894581237404 5 0
"22" 0.556304098143085 1.63810407220913 0.482589761937468 0.606960584372366 2.5082407921394 -63.3798131593358 5 0
"23" 0.256705679076589 1.26185157766136 0.415171362760761 0.513589593531465 0.584497516470961 -64.0865335764081 5 0
"24" 0.254879948360437 0.823522654859297 3.55225240058431 0.558100991993795 0.490587900175826 -93.7574257095805 5 0
"25" 1.13202061440819 2.71982410374716 12.4488200620791 0.849244762476273 1.68420141249421 -57.6414412170156 5 0
"26" 0.416323529475349 0.896911687076302 0.334647642221939 0.432484180806773 0.711207346548773 -76.6736950701691 5 0
"27" 0.499426204689775 1.73993848836183 0.106544684568984 0.537986239700886 3.99789635418192e-07 -49.5469477238106 5 0
"28" 0.297925325013988 1.43934887933156 5.68216905458852 0.586705644621116 0.418619133323652 -68.4672102778464 5 0
"29" 0.28882408861863 0.950723316338408 33.0195336220756 0.422674618316529 0.50970943832795 -70.0531479493242 5 0
"30" 0.757668575898759 1.76556178218194 0.699766949483644 0.576877559002926 6.15685162352938e-07 -60.0649338963828 5 0
"31" 0.364638429483296 2.48873337946298 1.29344788393547 1.10232189102441 2.09341752223111 -67.6975165676223 5 0
"32" 0.586681452768051 1.64423185227578 2.12677792576802 0.732377392938619 1.17745491766931 -79.70291779064 5 0
"33" 0.101822581372279 0.485182851833712 0.774761692983918 0.233013951188262 0.742780683673252 -55.159158634054 5 0
"34" 0.302861402007766 2.2922019874643 0.327016136258814 0.703618941306119 2.0617761418137 -47.5514150492382 5 0
"35" 0.466543375115968 1.03162783019064 9.37057983694444 0.429169711056145 1.21105682341151 -64.8015944401286 5 0
"36" 0.417364173054345 0.410174922376155 1.05832160515688 0.33223563874213 0.510918903222 -86.5614960763556 5 0
"37" 0.521929169092021 1.87058460114514 1.17193144094322 0.945539504211509 1.63442439764773 -75.5023604374207 5 0
"38" 0.750351344540692 1.67221493511125 2.35630011630305 0.524016378360906 0.520012857565864 -60.3475744861557 5 0
"39" 0.108099327800103 0.988726341075332 1.06623104911036 0.510086048360066 0.842780915797278 -68.2832513989559 5 0
"40" 0.406301775938583 1.82350196181418 0.585465990450678 0.856349776898464 0.453642110468762 -64.1064258754023 5 0
"41" 0.422058511834821 0.985235533085941 0.493458364572233 0.454863908458704 0.297439510444695 -75.2393139910335 5 0
"42" 1.17503929646645e-11 0.616818256597032 0.522838244300529 0.34585754199208 0.85551210215947 -68.6116024574153 5 0
"43" 4.29915984113057e-09 1.09998172705289 0.782649555569083 0.326278309611199 1.4210688504635 -45.7402835616315 5 0
"44" 0.48997769208428 1.61168003694809 13.1235286930198 0.57511288585367 0.653033627510195 -62.3180832072106 5 0
"45" 0.4452491290641 1.42678029063558 0.315338190876678 0.636177106553138 1.40440271246279 -75.5263825926209 5 0
"46" 0.334582135695659 0.725585843660525 4.77951108707099 0.378075055172029 0.805884510558067 -70.7649717729049 5 0
"47" 0.521819413335217 3.31597173538276 0.140199274868951 1.20039700741618 0.25120512794138 -43.5536943297306 5 0
"48" 0.322782663249783 1.28179623565197 0.346246320847957 0.539742744409908 0.696747780989182 -67.773556125556 5 0
"49" 0.110652096201374 1.08547295359322 0.564114443183608 0.504263881425035 1.00843446080185 -66.984332248493 5 0
"50" 1.0584317022706 2.19574170842419 0.0253451359732851 0.725792468019315 2.74033342740429e-08 -57.3762351684845 5 0
"51" 0.600760388134906 1.71793051392679 0.60206683625254 0.516557365533934 1.19247478447224 -59.7985768796951 5 0
"52" 0.145910067660346 0.386228395004113 1.62756846218544 0.285529796570081 0.816333888620107 -67.3302353387378 5 0
"53" 0.246779564776634 1.59168081835665 0.61965939086283 0.645834227724157 0.710440208969987 -71.6560384687935 5 0
"54" 0.32999437248659 1.25018865472883 1.67477782303037 0.646619698994381 0.601653335164991 -73.4164071531985 5 0
"55" 0.152184313164579 1.25825516341993 0.718649181503454 0.560424366607268 0.7947718528397 -62.049501286782 5 0
"56" 0.331978326383394 0.177210048645798 0.293684577637823 0.291835853589159 0.634226608987696 -87.8139147969029 5 0
"57" 0.790749511091999 1.88137746642864 1.58129399508809 0.595762484760992 0.459312616165128 -60.3390432343492 5 0
"58" 0.206208216549023 1.04212878828081 0.583039021210465 0.490637072154905 0.749146622789458 -71.4399762482575 5 0
"59" 0.402638310637321 1.60798100150184 0.435318102079201 0.647330796169379 0.931068007258032 -66.3922023106537 5 0
"60" 0.334095331323425 0.614083056856103 2.05122677203567 0.394556274823513 0.429578643585924 -82.8528726335121 5 0
"61" 0.868146535428367 3.17876282423821 6.81953349449895 1.06432814726457 0.0467194706966374 -48.394935990516 5 0
"62" 0.419547717121775 1.4177791264136 0.348961533510312 0.716905660709162 0.80758475697371 -76.2209109972598 5 0
"63" 0.752533877408324 1.06882154467388 0.877471028277322 0.431842040500073 0.434152324036478 -76.4961725499232 5 0
"64" 0.452186967780042 1.32792937873198 6.95464318470515 0.487250629720782 0.192649436192067 -60.7506060681276 5 0
"65" 0.727075873797428 2.32856036454835 0.246295212660571 0.85923370619535 0.436984924735816 -65.805193916654 5 0
"66" 0.30180417402803 1.00447329720479 3.41033454502172 0.490973192009166 0.429066177772768 -75.4190683796692 5 0
"67" 0.550087605811604 0.660920784996386 8.83612466841961 0.238943690875979 0.520518310512205 -63.9700212667383 5 0
"68" 0.527388780864898 2.15897824253516 0.122764778682619 0.904726700910885 0.409746528467807 -73.8858326949627 5 0
"69" 0.511267038215111 1.76150868016301 0.652363804435814 0.756066108569239 0.315566183745667 -73.8195314127004 5 0
"70" 0.225598296544503 1.20460998291425 0.155535343418809 0.553463182740832 1.07123810630996 -70.058871027725 5 0
"71" 0.199623843956773 1.15681159809329 0.60741801841265 0.505149497026565 0.685135738348003 -66.1575101510541 5 0
"72" 0.590153143079619 1.37326180826508 0.27808244016452 0.547064220069197 0.209548051094 -68.0187746304503 5 0
"73" 0.517872551484101 0.964450255531175 5.23717786283436 0.511276338940872 0.524453038174781 -88.992489032532 5 0
"74" 0.387424582090858 1.03228020893662 0.593284019267171 0.582708943266025 0.516989646462053 -83.8032212710709 5 0
"75" 0.387090752309847 1.39691765888543 1.65972546099355 0.590350084763245 0.871179179084494 -67.5532559960333 5 0
"76" 0.359217086837414 1.6968451210554 0.110562212937025 0.665578873632967 0.485715075464797 -65.1495568158826 5 0
"77" 0.243632552470534 0.53137905803812 0.594408556543802 0.382614891030173 0.463044815346546 -81.171603309377 5 0
"78" 0.654277842027017 1.27330926518321 1.59658759453732 0.599133491051915 0.0877042385136954 -79.1360083921649 5 0
"79" 0.419896190259702 1.33121856867229 1.32451065657859 0.589051987043504 1.07118046332409 -77.6194131655998 5 0
"80" 0.157623568399575 0.982535488458818 0.227722838856125 0.641634984660997 0.597713248418867 -86.2510390716769 5 0
"81" 0.652508122161422 2.22523172296674 0.605368686152498 0.778652967092373 0.648396278008305 -57.33236710669 5 0
"82" 0.745648805542532 1.7933973854543 3.60285024031849 0.530599939305472 0.75804935669833 -58.3164916157673 5 0
"83" 0.468921319381808 1.51943350295632 0.0773047032378146 0.613472917091875 0.234841602795062 -65.8448496962667 5 0
"84" 0.350394482542097 0.545699529968678 3.19648363189078 0.307542838774591 0.518375755694745 -73.6445079057206 5 0
"85" 0.311642154053982 1.54130993053792 0.307813166006542 0.662942663761896 0.495946881350018 -63.0331468716524 5 0
"86" 0.425823202555822 1.40340000587545 1.38214629916767 0.578041463634599 1.04151523495779 -65.5702899649991 5 0
"87" 0.624073257115179 1.20394840851251 2.30746275841085 0.425748849094486 0.117686073109637 -64.8016680416247 5 0
"88" 0.180628240814352 1.62854819080484 1.19740039020237 0.633264990728226 1.47251927605429 -59.1678237341043 5 0
"89" 0.359356877267908 0.964830870722936 0.48877175277823 0.459218405440766 0.583078865019562 -73.6261417315694 5 0
"90" 0.909391336990321 1.92669583338339 0.25744155376467 0.513035276909022 0.98543543454123 -54.7835979942516 5 0
"91" 0.331356888848249 1.07147558253818 1.8274266281718 0.356301260758506 0.482716822002484 -61.7782375987872 5 0
"92" 0.530643095139744 0.96018414192903 4.62479204418721 0.51620901227092 0.385075188526693 -86.9002330433053 5 0
"93" 0.111429924393128 0.898899873045186 1.74623178479293 0.419620625295304 1.41436597410277 -65.7049019492695 5 0
"94" 0.793746400603091 2.67211866442669 3.32645188080466 0.752561884659112 1.36203378963084 -54.2962931142896 5 0
"95" 0.501029365590093 1.06052917862261 0.430906991202728 0.606756086632416 0.42042416506671 -89.032591598486 5 0
"96" 0.742695390293405 1.81576501535364 2.51111234266483 0.651002819978108 0.841474334180766 -71.1708576543292 5 0
"97" 0.0726177325616613 0.462387244545948 0.343809128907941 0.368398958524655 0.562949007851883 -72.0072690401898 5 0
"98" 0.180834272483198 1.01940230637314 4.3808869973525 0.588649771025281 0.598339036533249 -79.1495058454246 5 0
"99" 0.425836001120996 1.30644512739709 1.50537755644424 0.428072105560951 0.899729044790248 -58.6569231504965 5 0
"100" 0.069587468518168 0.489446641571205 0.110190555395594 0.393915614308272 0.814915832894268 -78.7055335589923 5 0
